0000000000111000010000000000000000000000000111110000000000000000
0000000000111000010000000000000000000000000111110000000000000000
0000000000111000010000000000000000000000000111110000000000000000
0000000000111000010000000000000000000000000111110000000000000000
0000000000111000010000000000000000000000000111110000000000000000
0000000000111000010000000000000000000000000111110000000000000000
0000000000111000010000000000000000000000000111110000000000000000
0000000000111000010000000000000000000000000111110000000000000000
0000000000111000010000000000000000000000000111110000000000000000
0000000000111000010000000000000000000000000111110000000000000000
0000000000111000010000000000000000000000000111110000000000000000
0000000000111000010000000000000000000000000111110000000000000000
0000000000111000010000000000000000000000000111110000000000000000
0000000000111000010000000000000000000000000111110000000000000000
0000000000111000010000000000000000000000000111110000000000000000
0000000000111000010000000000000000000000000111110000000000000000
0000000000111000010000000000000000000000000111110000000000000000
0000000000111000010000000000000000000000000111110000000000000000
0000000000111000010000000000000000000000000111110000000000000000
0000000000111000010000000000000000000000000111110000000000000000
0000000000111000010000000000000000000000000111110000000000000000
0000000000111000010000000000000000000000000111110000000000000000
0000000000111000010000000000000000000000000111110000000000000000
0000000000111000010000000000000000000000000111110000000000000000
0000000000111000010000000000000000000000000111110000000000000000
0000000000111000010000000000000000000000000111110000000000000000
0000000000111000010000000000000000000000000111110000000000000000
0000000000111000010000000000000000000000000111110000000000000000
0000000000111000010000000000000000000000000111110000000000000000
0000000000111000010000000000000000000000000111110000000000000000
0000000000111000010000000000000000000000000111110000000000000000
0000000000111000010000000000000000000000000111110000000000000000
0000000000111000010000000000000000000000000111110000000000000000
0000000000111000010000000000000000000000000111110000000000000000
0000000000111000010000000000000000000000000111110000000000000000
0000000000111000010000000000000000000000000111110000000000000000
0000000000111000010000000000000000000000000111110000000000000000
0000000000111000010000000000000000000000000111110000000000000000
0000000000111000010000000000000000000000000111110000000000000000
0000000000111000010000000000000000000000000111110000000000000000
0000000000111000010000000000000000000000000111110000000000000000
0000000000111000010000000000000000000000000111110000000000000000
0000000000111000010000000000000000000000000111110000000000000000
0000000000111000010000000000000000000000000111110000000000000000
0000000000111000010000000000000000000000000111110000000000000000
0000000000111010010000000000000000000000000111110000000000000000
0000000000111000010000000000000000000001000111110000000000000000
0000000000111000010000000000000000000001000111110000000000000000
0000000000111000010000000000000000000001000111110000000000000000
0000000000111000010000000000000000000001000111110000000000000000
0000000000111000010000000000000000000001000111110000000000000000
0000000000111000010000000000000000000001000111110000000000000000
0000000000111000010000000000000000000001000111110000000000000000
0000000000111000010000000000000000000001000111110000000000000000
0000000000111000010000000000000000000001000111110000000000000000
0000000000111000010000000000000000000001000111110000000000000000
0000000000111000010000000000000000000001000111110000000000000000
0000000000111000010000000000000000000001000111110000000000000000
0000000000111000010000000000000000000001000111110000000000000000
0000000000111000010000000000000000000001000111110000000000000000
0000000000111000010000000000000000000001000111110000000000000000
0000000000111000010000000000000000000001000111110000000000000000
0000000000111000010000000000000000000001000111110000000000000000
0000000000111000010000000000000000000001000111110000000000000000
0000000000111000010000000000000000000001000111110000000000000000
0000000000111000010000000000000000000001000111110000000000000000
0000000000111000010000000000000000000001000111110000000000000000
0000000000111010010000000000000000000001000111110000000000000000
0000000000111000010000000000000000000010000111110000000000000000
0000000000111000010000000000000000000010000111110000000000000000
0000000000111000010000000000000000000010000111110000000000000000
0000000000111000010000000000000000000010000111110000000000000000
0000000000111000010000000000000000000010000111110000000000000000
0000000000111000010000000000000000000010000111110000000000000000
0000000000111000010000000000000000000010000111110000000000000000
0000000000111000010000000000000000000010000111110000000000000000
0000000000111000010000000000000000000010000111110000000000000000
0000000000111000010000000000000000000010000111110000000000000000
0000000000111000010000000000000000000010000111110000000000000000
0000000000111000010000000000000000000010000111110000000000000000
0000000000111000010000000000000000000010000111110000000000000000
0000000000111000010000000000000000000010000111110000000000000000
0000000000111000010000000000000000000010000111110000000000000000
0000000000111000010000000000000000000010000111110000000000000000
0000000000111000010000000000000000000010000111110000000000000000
0000000000111000010000000000000000000010000111110000000000000000
0000000000111000010000000000000000000010000111110000000000000000
0000000000111000010000000000000000000010000111110000000000000000
0000000000111000010000000000000000000010000111110000000000000000
0000000000111010010000000000000000000010000111110000000000000000
0000000000111000010000000000000000000011000111110000000000000000
0000000000111000010000000000000000000011000111110000000000000000
0000000000111000010000000000000000000011000111110000000000000000
0000000000111000010000000000000000000011000111110000000000000000
0000000000111000010000000000000000000011000111110000000000000000
0000000000111000010000000000000000000011000111110000000000000000
0000000000111000010000000000000000000011000111110000000000000000
0000000000111000010000000000000000000011000111110000000000000000
0000000000111000010000000000000000000011000111110000000000000000
0000000000111000010000000000000000000011000111110000000000000000
0000000000111000010000000000000000000011000111110000000000000000
0000000000111000010000000000000000000011000111110000000000000000
0000000000111000010000000000000000000011000111110000000000000000
0000000000111000010000000000000000000011000111110000000000000000
0000000000111000010000000000000000000011000111110000000000000000
0000000000111010010000000000000000000011000111110000000000000000
0000000000111100010000000000000000000000000111110000000000000000
0000000000111001010000000000000000000000000111110000000000000000
0000000000111000010000000000000000000000001011100000000000000000
0000000000111000010000000000000000000000001011100000000000000000
0000000000111000010000000000000000000000001011100000000000000000
0000000000111000010000000000000000000000001011100000000000000000
0000000000111000010000000000000000000000001011100000000000000000
0000000000111000010000000000000000000000001011100000000000000000
0000000000111000010000000000000000000000001011100000000000000000
0000000000111000010000000000000000000000001011100000000000000000
0000000000111000010000000000000000000000001011100000000000000000
0000000000111000010000000000000000000000001011100000000000000000
0000000000111000010000000000000000000000001011100000000000000000
0000000000111000010000000000000000000000001011100000000000000000
0000000000111000010000000000000000000000001011100000000000000000
0000000000111010010000000000000000000000001011100000000000000000
0000000000111000010000000000000000000001001011100000000000000000
0000000000111000010000000000000000000001001011100000000000000000
0000000000111000010000000000000000000001001011100000000000000000
0000000000111000010000000000000000000001001011100000000000000000
0000000000111000010000000000000000000001001011100000000000000000
0000000000111000010000000000000000000001001011100000000000000000
0000000000111000010000000000000000000001001011100000000000000000
0000000000111000010000000000000000000001001011100000000000000000
0000000000111000010000000000000000000001001011100000000000000000
0000000000111000010000000000000000000001001011100000000000000000
0000000000111000010000000000000000000001001011100000000000000000
0000000000111000010000000000000000000001001011100000000000000000
0000000000111000010000000000000000000001001011100000000000000000
0000000000111000010000000000000000000001001011100000000000000000
0000000000111000010000000000000000000001001011100000000000000000
0000000000111000010000000000000000000001001011100000000000000000
0000000000111000010000000000000000000001001011100000000000000000
0000000000111010010000000000000000000001001011100000000000000000
0000000000111000010000000000000000000010001011100000000000000000
0000000000111000010000000000000000000010001011100000000000000000
0000000000111000010000000000000000000010001011100000000000000000
0000000000111000010000000000000000000010001011100000000000000000
0000000000111000010000000000000000000010001011100000000000000000
0000000000111000010000000000000000000010001011100000000000000000
0000000000111000010000000000000000000010001011100000000000000000
0000000000111000010000000000000000000010001011100000000000000000
0000000000111000010000000000000000000010001011100000000000000000
0000000000111000010000000000000000000010001011100000000000000000
0000000000111000010000000000000000000010001011100000000000000000
0000000000111000010000000000000000000010001011100000000000000000
0000000000111000010000000000000000000010001011100000000000000000
0000000000111000010000000000000000000010001011100000000000000000
0000000000111010010000000000000000000010001011100000000000000000
0000000000111000010000000000000000000011001011100000000000000000
0000000000111000010000000000000000000011001011100000000000000000
0000000000111000010000000000000000000011001011100000000000000000
0000000000111000010000000000000000000011001011100000000000000000
0000000000111000010000000000000000000011001011100000000000000000
0000000000111000010000000000000000000011001011100000000000000000
0000000000111000010000000000000000000011001011100000000000000000
0000000000111000010000000000000000000011001011100000000000000000
0000000000111000010000000000000000000011001011100000000000000000
0000000000111010010000000000000000000011001011100000000000000000
0000000000111100010000000000000000000000001011100000000000000000
0000000000111001010000000000000000000000001011100000000000000000
0000000000111000010000000000000000000000010011000000000000000000
0000000000111000010000000000000000000000010011000000000000000000
0000000000111000010000000000000000000000010011000000000000000000
0000000000111000010000000000000000000000010011000000000000000000
0000000000111000010000000000000000000000010011000000000000000000
0000000000111000010001000000000000000000010011000000000000000000
0000000000111000010001000000000000000000010011000000000000000000
0000000000111000010001000000000000000000010011000000000000000000
0000000000111000010001000000000000000000010011000000000000000000
0000000000111000010001000000000000000000010011000000000000000000
0000000000111000010001000000000000000000010011000000000000000000
0000000000111000010001000000000000000000010011000000000000000000
0000000000111000010001000000000000000000010011000000000000000000
0000000000111000010001000000000000000000010011000000000000000000
0000000000111000010001000000000000000000010011000000000000000000
0000000000111000010001000000000000000000010011000000000000000000
0000000000111000010001000000000000000000010011000000000000000000
0000000000111000010001000000000000000000010011000000000000000000
0000000000111010010001000000000000000000010011000000000000000000
0000000000111000010001000000000000000001010011000000000000000000
0000000000111000010001000000000000000001010011000000000000000000
0000000000111000010001000000000000000001010011000000000000000000
0000000000111000010001000000000000000001010011000000000000000000
0000000000111000010001000000000000000001010011000000000000000000
0000000000111000010001000000000000000001010011000000000000000000
0000000000111000010001000000000000000001010011000000000000000000
0000000000111000010001000000000000000001010011000000000000000000
0000000000111000010001000000000000000001010011000000000000000000
0000000000111000010001000000000000000001010011000000000000000000
0000000000111000010001000000000000000001010011000000000000000000
0000000000111000010001000000000000000001010011000000000000000000
0000000000111000010001000000000000000001010011000000000000000000
0000000000111000010001000000000000000001010011000000000000000000
0000000000111000010001000000000000000001010011000000000000000000
0000000000111000010001000000000000000001010011000000000000000000
0000000000111000010001000000000000000001010011000000000000000000
0000000000111000010001000000000000000001010011000000000000000000
0000000000111000010001000000000000000001010011000000000000000000
0000000000111010010001000000000000000001010011000000000000000000
0000000000111000010001000000000000000010010011000000000000000000
0000000000111000010001000000000000000010010011000000000000000000
0000000000111000010001000000000000000010010011000000000000000000
0000000000111000010001000000000000000010010011000000000000000000
0000000000111000010001000000000000000010010011000000000000000000
0000000000111000010001000000000000000010010011000000000000000000
0000000000111000010001000000000000000010010011000000000000000000
0000000000111000010001000000000000000010010011000000000000000000
0000000000111000010001000000000000000010010011000000000000000000
0000000000111000010001000000000000000010010011000000000000000000
0000000000111000010001000000000000000010010011000000000000000000
0000000000111000010001000000000000000010010011000000000000000000
0000000000111000010001000000000000000010010011000000000000000000
0000000000111000010001000000000000000010010011000000000000000000
0000000000111010010001000000000000000010010011000000000000000000
0000000000111000010001000000000000000011010011000000000000000000
0000000000111000010001000000000000000011010011000000000000000000
0000000000111000010001000000000000000011010011000000000000000000
0000000000111000010001000000000000000011010011000000000000000000
0000000000111000010001000000000000000011010011000000000000000000
0000000000111000010001000000000000000011010011000000000000000000
0000000000111000010001000000000000000011010011000000000000000000
0000000000111000010001000000000000000011010011000000000000000000
0000000000111000010001000000000000000011010011000000000000000000
0000000000111000010001000000000000000011010011000000000000000000
0000000000111000010011000000000000000011010011000000000000000000
0000000000111000010011000000000000000011010011000000000000000000
0000000000111000010011000000000000000011010011000000000000000000
0000000000111000010011000000000000000011010011000000000000000000
0000000000111000010011000000000000000011010011000000000000000000
0000000000111000010011000000000000000011010011000000000000000000
0000000000111000010011000000000000000011010011000000000000000000
0000000000111000010011000000000000000011010011000000000000000000
0000000000111000010011000000000000000011010011000000000000000000
0000000000111000010011000000000000000011010011000000000000000000
0000000000111000010011000000000000000011010011000000000000000000
0000000000111000010011000000000000000011010011000000000000000000
0000000000111010010011000000000000000011010011000000000000000000
0000000000111100010011000000000000000000010011000000000000000000
0000000000111001010011000000000000000000010011000000000000000000
0000000000111000010011000000000000000000100010000000000000000000
0000000000111000010011000000000000000000100010000000000000000000
0000000000111000010011000000000000000000100010000000000000000000
0000000000111000010011000000000000000000100010000000000000000000
0000000000111000010011000000000000000000100010000000000000000000
0000000000111000010011000000000000000000100010000000000000000000
0000000000111000010011000000000000000000100010000000000000000000
0000000000111000010011000000000000000000100010000000000000000000
0000000000111000010011000000000000000000100010000000000000000000
0000000000111000010011000000000000000000100010000000000000000000
0000000000111000010011000000000000000000100010000000000000000000
0000000000111000010011000000000000000000100010000000000000000000
0000000000111000010011000000000000000000100010000000000000000000
0000000000111000010011000000000000000000100010000000000000000000
0000000000111010010011000000000000000000100010000000000000000000
0000000000111000010011000000000000000001100010000000000000000000
0000000000111000010011000000000000000001100010000000000000000000
0000000000111000010011000000000000000001100010000000000000000000
0000000000111000010011000000000000000001100010000000000000000000
0000000000111000010011000000000000000001100010000000000000000000
0000000000111000010011000000000000000001100010000000000000000000
0000000000111000010011000000000000000001100010000000000000000000
0000000000111000010011000000000000000001100010000000000000000000
0000000000111000010011000000000000000001100010000000000000000000
0000000000111000010011000000000000000001100010000000000000000000
0000000000111000010011000000000000000001100010000000000000000000
0000000000111000010011000000000000000001100010000000000000000000
0000000000111000010011000000000000000001100010000000000000000000
0000000000111000010011000000000000000001100010000000000000000000
0000000000111000010011000000000000000001100010000000000000000000
0000000000111000010011000000000000000001100010000000000000000000
0000000000111010010011000000000000000001100010000000000000000000
0000000000111000010011000000000000000010100010000000000000000000
0000000000111000010011000000000000000010100010000000000000000000
0000000000111000010011000000000000000010100010000000000000000000
0000000000111000010011000000000000000010100010000000000000000000
0000000000111000010011000000000000000010100010000000000000000000
0000000000111000010011000000000000000010100010000000000000000000
0000000000111000010011000000000000000010100010000000000000000000
0000000000111000010011000000000000000010100010000000000000000000
0000000000111000010011000000000000000010100010000000000000000000
0000000000111000010011000000000000000010100010000000000000000000
0000000000111000010011000000000000000010100010000000000000000000
0000000000111000010011000000000000000010100010000000000000000000
0000000000111000010011000000000000000010100010000000000000000000
0000000000111000010011000000000000000010100010000000000000000000
0000000000111000010011000000000000000010100010000000000000000000
0000000000111000010011000000000000000010100010000000000000000000
0000000000111000010011000000000000000010100010000000000000000000
0000000000111000010011000000000000000010100010000000000000000000
0000000000111000010011000000000000000010100010000000000000000000
0000000000111000010011000000000000000010100010000000000000000000
0000000000111000010011000000000000000010100010000000000000000000
0000000000111010010011000000000000000010100010000000000000000000
0000000000111000010011000000000000000011100010000000000000000000
0000000000111000010011000000000000000011100010000000000000000000
0000000000111000010011000000000000000011100010000000000000000000
0000000000111000010011000000000000000011100010000000000000000000
0000000000111000010011000000000000000011100010000000000000000000
0000000000111000010011000000000000000011100010000000000000000000
0000000000111000010011000000000000000011100010000000000000000000
0000000000111000010011000000000000000011100010000000000000000000
0000000000111010010011000000000000000011100010000000000000000000
0000000000111100010011000000000000000000100010000000000000000000
0000000000111001010111000000000000000000100010000000000000000000
0000000000111000000111000000000000000000000100000000000000000000
0000000000111000000111000000000000000000000100000000000000000000
0000000000111000000111000000000000000000000100000000000000000000
0000000000111000000111000000000000000000000100000000000000000000
0000000000111000000111000000000000000000000100000000000000000000
0000000000111000000111000000000000000100000100000000000000000000
0000000000111000000111000000000000000100000100000000000000000000
0000000000111000000111000000000000000100000100000000000000000000
0000000000111000000111000000000000000100000100000000000000000000
0000000000111000000111000000000000001100000100000000000000000000
0000000000111000000111000000000000001100000100000000000000000000
0000000000111000000111000000000000001100000100000000000000000000
0000000000111000000111000000000000001100000100000000000000000000
0000000000111000000111000000000000011100000100000000000000000000
0000000000111000000111000000000000011100000100000000000000000000
0000000000111000000111000000000000011100000100000000000000000000
0000000000111000000111000000000000011100000100000000000000000000
0000000000111000000111000000000000111100000100000000000000000000
0000000000111000000111000000000000111100000100000000000000000000
0000000000111000000111000000000000111100000100000000000000000000
0000000000111000000111000000000000111100000100000000000000000000
0000000000111000000111000000000001111100000100000000000000000000
0000000000111000000111000000000001111100000100000000000000000000
0000000000111000000111000000000001111100000100000000000000000000
0000000000111000000111000000000001111100000100000000000000000000
0000000000111000000111000000000011111100000100000000000000000000
0000000000111000000111000000000011111100000100000000000000000000
0000000000111000000111000000000011111100000100000000000000000000
0000000000111000000111000000000011111100000100000000000000000000
0000000000111000000111000000000111111100000100000000000000000000
0000000000111000000111000000000111111100000100000000000000000000
0000000000111000000111000000000111111100000100000000000000000000
0000000000111000000111000000000111111100000100000000000000000000
0000000000111000000111000000001111111100000100000000000000000000
0000000000111000000111000000001111111100000100000000000000000000
0000000000111000000111000000001111111100000100000000000000000000
0000000000111000000111000000001111111100000100000000000000000000
0000000000111000000111000000011111111100000100000000000000000000
0000000000111000000111000000011111111100000100000000000000000000
0000000000111000000111000000011111111100000100000000000000000000
0000000000111000000111000000011111111100000100000000000000000000
0000000000111000000111000000111111111100000100000000000000000000
0000000000111000000111000000111111111100000100000000000000000000
0000000000111000000111000000111111111100000100000000000000000000
0000000000111000000111000000111111111100000100000000000000000000
0000000000111000000111000001111111111100000100000000000000000000
0000000000111000000111000001111111111100000100000000000000000000
0000000000111000000111000001111111111100000100000000000000000000
0000000000111000000111000001111111111100000100000000000000000000
0000000000111000000111000011111111111100000100000000000000000000
0000000000111000000111000011111111111100000100000000000000000000
0000000000111000000111000011111111111100000100000000000000000000
0000000000111000000111000011111111111100000100000000000000000000
0000000000111000000111000111111111111100000100000000000000000000
0000000000111000000111000111111111111100000100000000000000000000
0000000000111000000111000111111111111100000100000000000000000000
0000000000111000000111000111111111111100000100000000000000000000
0000000000111000000111001111111111111100000100000000000000000000
0000000000111000000111001111111111111100000100000000000000000000
0000000000111000000111001111111111111100000100000000000000000000
0000000000111000000111001111111111111100000100000000000000000000
0000000000111000000111011111111111111100000100000000000000000000
0000000000111000000111011111111111111100000100000000000000000000
0000000000111000000111011111111111111100000100000000000000000000
0000000000111000001111011111111111111100000100000000000000000000
0000000000111000000000111111111111111100000100000000000000000000
0000000000111000100000000000000000000000000100001110111011111100
0000000000111000000000000000000000000000000100001110111011111100
0000000000111000000000000000000000000000000100001110111011111100
0000000000111000000000000000000000000000000100001110111011111100
0000000000111000000000000000000000000000000100001110111011111100
0000000000111000000000000000000000000100000100001110111011111100
0000000000111000000000000000000000000100000100001110111011111100
0000000000111000000000000000000000000100000100001110111011111100
0000000000111000000000000000000000000100000100001110111011111100
0000000000111000000000000000000000001100000100001110111011111100
0000000000111000000000000000000000001100000100001110111011111100
0000000000111000000000000000000000001100000100001110111011111100
0000000000111000000000000000000000001100000100001110111011111100
0000000000111000000000000000000000011100000100001110111011111100
0000000000111000000000000000000000011100000100001110111011111100
0000000000111000000000000000000000011100000100001110111011111100
0000000000111000000000000000000000011100000100001110111011111100
0000000000111000000000000000000000111100000100001110111011111100
0000000000111000000000000000000000111100000100001110111011111100
0000000000111000000000000000000000111100000100001110111011111100
0000000000111000000000000000000000111100000100001110111011111100
0000000000111000000000000000000001111100000100001110111011111100
0000000000111000000000000000000001111100000100001110111011111100
0000000000111000000000000000000001111100000100001110111011111100
0000000000111000000000000000000001111100000100001110111011111100
0000000000111000000000000000000011111100000100001110111011111100
0000000000111000000000000000000011111100000100001110111011111100
0000000000111000000000000000000011111100000100001110111011111100
0000000000111000000000000000000011111100000100001110111011111100
0000000000111000000000000000000111111100000100001110111011111100
0000000000111000000000000000000111111100000100001110111011111100
0000000000111000000000000000000111111100000100001110111011111100
0000000000111000000000000000000111111100000100001110111011111100
0000000000111000000000000000001111111100000100001110111011111100
0000000000111000000000000000001111111100000100001110111011111100
0000000000111000000000000000001111111100000100001110111011111100
0000000000111000000000000000001111111100000100001110111011111100
0000000000111000000000000000011111111100000100001110111011111100
0000000000111000000000000000011111111100000100001110111011111100
0000000000111000000000000000011111111100000100001110111011111100
0000000000111000000000000000011111111100000100001110111011111100
0000000000111000000000000000111111111100000100001110111011111100
0000000000111000000000000000111111111100000100001110111011111100
0000000000111000000000000000111111111100000100001110111011111100
0000000000111000000000000000111111111100000100001110111011111100
0000000000111000000000000001111111111100000100001110111011111100
0000000000111000000000000001111111111100000100001110111011111100
0000000000111000000000000001111111111100000100001110111011111100
0000000000111000000000000001111111111100000100001110111011111100
0000000000111000000000000011111111111100000100001110111011111100
0000000000111000000000000011111111111100000100001110111011111100
0000000000111000000000000011111111111100000100001110111011111100
0000000000111000000000000011111111111100000100001110111011111100
0000000000111000000000000111111111111100000100001110111011111100
0000000000111000000000000111111111111100000100001110111011111100
0000000000111000000000000111111111111100000100001110111011111100
0000000000111000000000000111111111111100000100001110111011111100
0000000000111000000000001111111111111100000100001110111011111100
0000000000111000000000001111111111111100000100001110111011111100
0000000000111000000000001111111111111100000100001110111011111100
0000000000111000000000001111111111111100000100001110111011111100
0000000000111000000000011111111111111100000100001110111011111100
0000000000111000000000011111111111111100000100001110111011111100
0000000000111000000000011111111111111100000100001110111011111100
0000000000111000010000011111111111111100000111111110111011111100
0000000000111000010000111111111111111100000111111110111011111100
0000000000111000110000000000000000000000000111110111001001010110
0000000000111000010000000000000000000000000111110111001001010110
0000000000111000010000000000000000000000000111110111001001010110
0000000000111000010000000000000000000000000111110111001001010110
0000000000111000010000000000000000000000000111110111001001010110
0000000000111000010000000000000000000000000111110111001001010110
0000000000111000010000000000000000000000000111110111001001010110
0000000000111000010000000000000000000000000111110111001001010110
0000000000111000010000000000000000000000000111110111001001010110
0000000000111000010000000000000000000000000111110111001001010110
0000000000111000010000000000000000000000000111110111001001010110
0000000000111000010000000000000000000000000111110111001001010110
0000000000111000010000000000000000000000000111110111001001010110
0000000000111000010000000000000000000000000111110111001001010110
0000000000111000010000000000000000000000000111110111001001010110
0000000000111000010000000000000000000000000111110111001001010110
0000000000111000010000000000000000000000000111110111001001010110
0000000000111000010000000000000000000000000111110111001001010110
0000000000111000010000000000000000000000000111110111001001010110
0000000000111000010000000000000000000000000111110111001001010110
0000000000111000010000000000000000000000000111110111001001010110
0000000000111000010000000000000000000000000111110111001001010110
0000000000111000010000000000000000000000000111110111001001010110
0000000000111000010000000000000000000000000111110111001001010110
0000000000111000010000000000000000000000000111110111001001010110
0000000000111000010000000000000000000000000111110111001001010110
0000000000111000010000000000000000000000000111110111001001010110
0000000000111000010000000000000000000000000111110111001001010110
0000000000111000010000000000000000000000000111110111001001010110
0000000000111000010000000000000000000000000111110111001001010110
0000000000111000010000000000000000000000000111110111001001010110
0000000000111000010000000000000000000000000111110111001001010110
0000000000111000010000000000000000000000000111110111001001010110
0000000000111000010000000000000000000000000111110000000000000000
0000000000111000010000000000000000000000000111110000000000000000
0000000000111000010000000000000000000000000111110000000000000000
0000000000111000010000000000000000000000000111110000000000000000
0000000000111000010000000000000000000000000111110000000000000000
0000000000111000010000000000000000000000000111110000000000000000
0000000000111000010000000000000000000000000111110000000000000000
0000000000111000010000000000000000000000000111110000000000000000
0000000000111000010000000000000000000000000111110000000000000000
0000000000111000010000000000000000000000000111110000000000000000
0000000000111000010000000000000000000000000111110000000000000000
0000000000111000010000000000000000000000000111110000000000000000
0000000000111000010000000000000000000000000111110000000000000000
0000000000111000010000000000000000000000000111110000000000000000
0000000000111000010000000000000000000000000111110000000000000000
0000000000111000010000000000000000000000000111110000000000000000
