0000000000000000000000000000000000000000000000000000000000010000
0000000000000000000000000000000000000000000000000000000000010000
0000000000000000000000000000000000000000000000000000000000010000
0000000000000000000000000000000000000000000000000000000000010000
0000000000000000000000000000000000000000000000000000000000010000
0000000000000000000000000000000000000000000000000000000000010000
0000000000000000000000000000000000000000000000000000000000010000
0000000000000000000000000000000000000000000000000000000000010000
0000000000000000000000000000000000000000000000000000000000010000
0000000000000000000000000000000000000000000000000000000000010000
0000000000000000000000000000000000000000000000000000000000010000
0000000000000000000000000000000000000000000000000000000000010000
0000000000000000000000000000000000000000000000000000000000010000
0000000000000000000000000000000000000000000000000000000000010000
0000000000000000000000000000000000000000000000000000000000010000
0000000000000000000000000000000000000000000000000000000000010000
0000000000000000000000000000000000000000000000000000000000010000
0000000000000000000000000000000000000000000000000000000000010000
0000000000000000000000000000000000000000000000000000000000010000
0000000000000000000000000000000000000000000000000000000000010000
0000000000000000000000000000000000000000000000000000000000000000
0000000000000000000000000000000000000000000000000000000000000000
0000000000000000000000000000000000000000000000000000000000000000
0000000000000000000000000000000000000000000000000000000000000000
0000000000000000000000000000000000000000000000000000000000000000
0000000000000000000000000000000000000000000000000000000000000000
0000000000000000000000000000000000000000000000000000000000000000
0000000000000000000000000000000000000000000000000000000000010000
0000000000000000000000000000000000000000000000000000000000010000
0000000000000000000000000000000000000000000000000000000000010000
0000000000000000000000000000000000000000000000000000000000010000
0000000000000000000000000000000000000000000000000000000000010000
0000000000000000000000000000000000000000000000000000000000010000
0000000000000000000000000000000000000000000000000000000000010000
0000000000000000000000000000000000000000000000000000000000010000
0000000000000000000000000000000000000000000000000000000000010000
0000000000000000000000000000000000000000000000000000000000010100
0000000000000000000000000000000000000000000000000000000000010100
0000000000000000000000000000000000000000000000000000000000010110
0000000000000000000000000000000000000000000000000000000000010110
0000000000000000000000000000000000000000000000000000000000010110
0000000000000000000000000000000000000000000000000000000000010110
0000000000000000000000000000000000000000000000000000000000010111
0000000000000000000000000000000000000000000000000000000000010111
0000000000000000000000000000000000000000000000000000000000010111
0000000000000000000000000000000000000000000000000000000000110111
0000000000000000000000000000000000000000000000000000000000110111
0000000000000000000000000000000000000000000000000000000000010111
0000000000000000000000000000000000000000000000000000000000010111
0000000000000000000000000000000000000000000000000000000000010111
0000000000000000000000000000000000000000000000000000000000010111
0000000000000000000000000000000000000000000000000000000000010111
0000000000000000000000000000000000000000000000000000000000010111
0000000000000000000000000000000000000000000000000000000000010111
0000000000000000000000000000000000000000000000000000000000010111
0000000000000000000000000000000000000000000000000000000000010111
0000000000000000000000000000000000000000000000000000000000010111
0000000000000000000000000000000000000000000000000000000000010111
0000000000000000000000000000000000000000000000000000000000010111
0000000000000000000000000000000000000000000000000000000000010011
0000000000000000000000000000000000000000000000000000000000010011
0000000000000000000000000000000000000000000000000000000000010001
0000000000000000000000000000000000000000000000000000000000010001
0000000000000000000000000000000000000000000000000000000000010000
0000000000000000000000000000000000000000000000000000000000010000
0000000000000000000000000000000000000000000000000000000000010000
0000000000000000000000000000000000000000000000000000000000010000
0000000000000000000000000000000000000000000000000000000000110000
0000000000000000000000000000000000000000000000000000000000110000
0000000000000000000000000000000000000000000000000000000000010000
0000000000000000000000000000000000000000000000000000000000010000
0000000000000000000000000000000000000000000000000000000000010000
0000000000000000000000000000000000000000000000000000000000010000
0000000000000000000000000000000000000000000000000000000000010000
0000000000000000000000000000000000000000000000000000000000010000
0000000000000000000000000000000000000000000000000000000000010000
0000000000000000000000000000000000000000000000000000000000010000
0000000000000000000000000000000000000000000000000000000000010000
0000000000000000000000000000000000000000000000000000000000010000
0000000000000000000000000000000000000000000000000000000000010000
0000000000000000000000000000000000000000000000000000000000010000
0000000000000000000000000000000000000000000000000000000000011000
0000000000000000000000000000000000000000000000000000000000011000
0000000000000000000000000000000000000000000000000000000000011100
0000000000000000000000000000000000000000000000000000000000011100
0000000000000000000000000000000000000000000000000000000000011100
0000000000000000000000000000000000000000000000000000000000011110
0000000000000000000000000000000000000000000000000000000000011110
0000000000000000000000000000000000000000000000000000000000011110
0000000000000000000000000000000000000000000000000000000000111110
0000000000000000000000000000000000000000000000000000000000111110
0000000000000000000000000000000000000000000000000000000000011110
0000000000000000000000000000000000000000000000000000000000011110
0000000000000000000000000000000000000000000000000000000000011110
0000000000000000000000000000000000000000000000000000000000011110
0000000000000000000000000000000000000000000000000000000000011110
0000000000000000000000000000000000000000000000000000000000011110
0000000000000000000000000000000000000000000000000000000000011110
0000000000000000000000000000000000000000000000000000000000011110
0000000000000000000000000000000000000000000000000000000000011110
0000000000000000000000000000000000000000000000000000000000011110
0000000000000000000000000000000000000000000000000000000000011110
0000000000000000000000000000000000000000000000000000000000011110
0000000000000000000000000000000000000000000000000000000000011110
0000000000000000000000000000000000000000000000000000000000011110
0000000000000000000000000000000000000000000000000000000000111110
0000000000000000000000000000000000000000000000000000000000111110
0000000000000000000000000000000000000000000000000000000000011110
0000000000000000000000000000000000000000000000000000000000011110
0000000000000000000000000000000000000000000000000000000000011110
0000000000000000000000000000000000000000000000000000000000011110
0000000000000000000000000000000000000000000000000000000000011110
0000000000000000000000000000000000000000000000000000000000011110
0000000000000000000000000000000000000000000000000000000000011110
0000000000000000000000000000000000000000000000000000000000011110
0000000000000000000000000000000000000000000000000000000000011110
0000000000000000000000000000000000000000000000000000000000010110
0000000000000000000000000000000000000000000000000000000000010110
0000000000000000000000000000000000000000000000000000000000010111
0000000000000000000000000000000000000000000000000000000000010111
0000000000000000000000000000000000000000000000000000000000010111
0000000000000000000000000000000000000000000000000000000000110111
0000000000000000000000000000000000000000000000000000000000110111
0000000000000000000000000000000000000000000000000000000000010111
0000000000000000000000000000000000000000000000000000000000010111
0000000000000000000000000000000000000000000000000000000000010111
0000000000000000000000000000000000000000000000000000000000010111
0000000000000000000000000000000000000000000000000000000000010111
0000000000000000000000000000000000000000000000000000000000011111
0000000000000000000000000000000000000000000000000000000000011111
0000000000000000000000000000000000000000000000000000000000011011
0000000000000000000000000000000000000000000000000000000000011011
0000000000000000000000000000000000000000000000000000000000011001
0000000000000000000000000000000000000000000000000000000000011001
0000000000000000000000000000000000000000000000000000000000011001
0000000000000000000000000000000000000000000000000000000000011000
0000000000000000000000000000000000000000000000000000000000011000
0000000000000000000000000000000000000000000000000000000000011000
0000000000000000000000000000000000000000000000000000000000011000
0000000000000000000000000000000000000000000000000000000000111000
0000000000000000000000000000000000000000000000000000000000111000
0000000000000000000000000000000000000000000000000000000000011000
0000000000000000000000000000000000000000000000000000000000011000
0000000000000000000000000000000000000000000000000000000000011000
0000000000000000000000000000000000000000000000000000000000011000
0000000000000000000000000000000000000000000000000000000000011000
0000000000000000000000000000000000000000000000000000000000011000
0000000000000000000000000000000000000000000000000000000000011100
0000000000000000000000000000000000000000000000000000000000011100
0000000000000000000000000000000000000000000000000000000000011100
0000000000000000000000000000000000000000000000000000000000011100
0000000000000000000000000000000000000000000000000000000000011100
0000000000000000000000000000000000000000000000000000000000011100
0000000000000000000000000000000000000000000000000000000000011100
0000000000000000000000000000000000000000000000000000000000111100
0000000000000000000000000000000000000000000000000000000000111100
0000000000000000000000000000000000000000000000000000000000011100
0000000000000000000000000000000000000000000000000000000000011100
0000000000000000000000000000000000000000000000000000000000011100
0000000000000000000000000000000000000000000000000000000000011110
0000000000000000000000000000000000000000000000000000000000011110
0000000000000000000000000000000000000000000000000000000000011111
0000000000000000000000000000000000000000000000000000000000011111
0000000000000000000000000000000000000000000000000000000000011111
0000000000000000000000000000000000000000000000000000000000111111
0000000000000000000000000000000000000000000000000000000000011111
0000000000000000000000000000000000000000000000000000000000011111
0000000000000000000000000000000000000000000000000000000000011111
0000000000000000000000000000000000000000000000000000000000011111
0000000000000000000000000000000000000000000000000000000000011111
0000000000000000000000000000000000000000000000000000000000011111
0000000000000000000000000000000000000000000000000000000000011111
0000000000000000000000000000000000000000000000000000000000011111
0000000000000000000000000000000000000000000000000000000000011011
0000000000000000000000000000000000000000000000000000000000011011
0000000000000000000000000000000000000000000000000000000000011001
0000000000000000000000000000000000000000000000000000000000011001
0000000000000000000000000000000000000000000000000000000000011000
0000000000000000000000000000000000000000000000000000000000011000
0000000000000000000000000000000000000000000000000000000000011000
0000000000000000000000000000000000000000000000000000000000011000
0000000000000000000000000000000000000000000000000000000000011000
0000000000000000000000000000000000000000000000000000000000011000
0000000000000000000000000000000000000000000000000000000000011000
0000000000000000000000000000000000000000000000000000000000011000
0000000000000000000000000000000000000000000000000000000000111000
0000000000000000000000000000000000000000000000000000000000111000
0000000000000000000000000000000000000000000000000000000000011000
0000000000000000000000000000000000000000000000000000000000011000
0000000000000000000000000000000000000000000000000000000000011000
0000000000000000000000000000000000000000000000000000000000011000
0000000000000000000000000000000000000000000000000000000000011000
0000000000000000000000000000000000000000000000000000000000011000
0000000000000000000000000000000000000000000000000000000000011000
0000000000000000000000000000000000000000000000000000000000011000
0000000000000000000000000000000000000000000000000000000000011000
0000000000000000000000000000000000000000000000000000000000011000
0000000000000000000000000000000000000000000000000000000000011010
0000000000000000000000000000000000000000000000000000000000011010
0000000000000000000000000000000000000000000000000000000000011010
0000000000000000000000000000000000000000000000000000000000011010
0000000000000000000000000000000000000000000000000000000000011010
0000000000000000000000000000000000000000000000000000000000011010
0000000000000000000000000000000000000000000000000000000000011010
0000000000000000000000000000000000000000000000000000000000011010
0000000000000000000000000000000000000000000000000000000000111010
0000000000000000000000000000000000000000000000000000000000111010
0000000000000000000000000000000000000000000000000000000000011010
0000000000000000000000000000000000000000000000000000000000011010
0000000000000000000000000000000000000000000000000000000000011010
0000000000000000000000000000000000000000000000000000000000011010
0000000000000000000000000000000000000000000000000000000000011110
0000000000000000000000000000000000000000000000000000000000011110
0000000000000000000000000000000000000000000000000000000000011100
0000000000000000000000000000000000000000000000000000000000011101
0000000000000000000000000000000000000000000000000000000000011101
0000000000000000000000000000000000000000000000000000000000011101
0000000000000000000000000000000000000000000000000000000000011101
0000000000000000000000000000000000000000000000000000000000011101
0000000000000000000000000000000000000000000000000000000000011101
0000000000000000000000000000000000000000000000000000000000111101
0000000000000000000000000000000000000000000000000000000000111101
0000000000000000000000000000000000000000000000000000000000011101
0000000000000000000000000000000000000000000000000000000000011101
0000000000000000000000000000000000000000000000000000000000011101
0000000000000000000000000000000000000000000000000000000000011101
0000000000000000000000000000000000000000000000000000000000011101
0000000000000000000000000000000000000000000000000000000000011101
0000000000000000000000000000000000000000000000000000000000011101
0000000000000000000000000000000000000000000000000000000000011101
0000000000000000000000000000000000000000000000000000000000011101
0000000000000000000000000000000000000000000000000000000000011101
0000000000000000000000000000000000000000000000000000000000011101
0000000000000000000000000000000000000000000000000000000000011101
0000000000000000000000000000000000000000000000000000000000011101
0000000000000000000000000000000000000000000000000000000000011001
0000000000000000000000000000000000000000000000000000000000011001
0000000000000000000000000000000000000000000000000000000000010001
0000000000000000000000000000000000000000000000000000000000010001
0000000000000000000000000000000000000000000000000000000000010001
0000000000000000000000000000000000000000000000000000000000010000
0000000000000000000000000000000000000000000000000000000000010000
0000000000000000000000000000000000000000000000000000000000010000
0000000000000000000000000000000000000000000000000000000000110000
0000000000000000000000000000000000000000000000000000000000110000
0000000000000000000000000000000000000000000000000000000000010000
0000000000000000000000000000000000000000000000000000000000010000
0000000000000000000000000000000000000000000000000000000000010000
0000000000000000000000000000000000000000000000000000000000010000
0000000000000000000000000000000000000000000000000000000000010000
0000000000000000000000000000000000000000000000000000000000010000
0000000000000000000000000000000000000000000000000000000000010000
0000000000000000000000000000000000000000000000000000000000010000
0000000000000000000000000000000000000000000000000000000000010000
0000000000000000000000000000000000000000000000000000000000010000
0000000000000000000000000000000000000000000000000000000000010010
0000000000000000000000000000000000000000000000000000000000010010
0000000000000000000000000000000000000000000000000000000000010011
0000000000000000000000000000000000000000000000000000000000010011
0000000000000000000000000000000000000000000000000000000000010011
0000000000000000000000000000000000000000000000000000000000110011
0000000000000000000000000000000000000000000000000000000000110011
0000000000000000000000000000000000000000000000000000000000010011
0000000000000000000000000000000000000000000000000000000000010011
0000000000000000000000000000000000000000000000000000000000010011
0000000000000000000000000000000000000000000000000000000000010011
0000000000000000000000000000000000000000000000000000000000010011
0000000000000000000000000000000000000000000000000000000000010011
0000000000000000000000000000000000000000000000000000000000010011
0000000000000000000000000000000000000000000000000000000000010011
0000000000000000000000000000000000000000000000000000000000010011
0000000000000000000000000000000000000000000000000000000000010011
0000000000000000000000000000000000000000000000000000000000010001
0000000000000000000000000000000000000000000000000000000000010001
0000000000000000000000000000000000000000000000000000000000011001
0000000000000000000000000000000000000000000000000000000000011001
0000000000000000000000000000000000000000000000000000000000011001
0000000000000000000000000000000000000000000000000000000000111001
0000000000000000000000000000000000000000000000000000000000011001
0000000000000000000000000000000000000000000000000000000000011001
0000000000000000000000000000000000000000000000000000000000011001
0000000000000000000000000000000000000000000000000000000000011001
0000000000000000000000000000000000000000000000000000000000011001
0000000000000000000000000000000000000000000000000000000000011001
0000000000000000000000000000000000000000000000000000000000011001
0000000000000000000000000000000000000000000000000000000000011001
0000000000000000000000000000000000000000000000000000000000011001
0000000000000000000000000000000000000000000000000000000000011001
0000000000000000000000000000000000000000000000000000000000011001
0000000000000000000000000000000000000000000000000000000000011001
0000000000000000000000000000000000000000000000000000000000011101
0000000000000000000000000000000000000000000000000000000000011101
0000000000000000000000000000000000000000000000000000000000011101
0000000000000000000000000000000000000000000000000000000000011111
0000000000000000000000000000000000000000000000000000000000011111
0000000000000000000000000000000000000000000000000000000000011111
0000000000000000000000000000000000000000000000000000000000011111
0000000000000000000000000000000000000000000000000000000000011111
0000000000000000000000000000000000000000000000000000000000011111
0000000000000000000000000000000000000000000000000000000000111111
0000000000000000000000000000000000000000000000000000000000011111
0000000000000000000000000000000000000000000000000000000000011111
0000000000000000000000000000000000000000000000000000000000011111
0000000000000000000000000000000000000000000000000000000000011111
0000000000000000000000000000000000000000000000000000000000011111
0000000000000000000000000000000000000000000000000000000000011011
0000000000000000000000000000000000000000000000000000000000011011
0000000000000000000000000000000000000000000000000000000000011011
0000000000000000000000000000000000000000000000000000000000111011
0000000000000000000000000000000000000000000000000000000000111011
0000000000000000000000000000000000000000000000000000000000011011
0000000000000000000000000000000000000000000000000000000000011011
0000000000000000000000000000000000000000000000000000000000011011
0000000000000000000000000000000000000000000000000000000000011011
0000000000000000000000000000000000000000000000000000000000011011
0000000000000000000000000000000000000000000000000000000000011011
0000000000000000000000000000000000000000000000000000000000011011
0000000000000000000000000000000000000000000000000000000000011011
0000000000000000000000000000000000000000000000000000000000011011
0000000000000000000000000000000000000000000000000000000000011011
0000000000000000000000000000000000000000000000000000000000011011
0000000000000000000000000000000000000000000000000000000000011011
0000000000000000000000000000000000000000000000000000000000011011
0000000000000000000000000000000000000000000000000000000000011011
0000000000000000000000000000000000000000000000000000000000011011
0000000000000000000000000000000000000000000000000000000000011011
0000000000000000000000000000000000000000000000000000000000011011
0000000000000000000000000000000000000000000000000000000000011011
0000000000000000000000000000000000000000000000000000000000011011
0000000000000000000000000000000000000000000000000000000000011011
0000000000000000000000000000000000000000000000000000000000011011
0000000000000000000000000000000000000000000000000000000000011011
0000000000000000000000000000000000000000000000000000000000011011
0000000000000000000000000000000000000000000000000000000000011011
0000000000000000000000000000000000000000000000000000000000011011
0000000000000000000000000000000000000000000000000000000000011011
0000000000000000000000000000000000000000000000000000000000011011
0000000000000000000000000000000000000000000000000000000000011011
0000000000000000000000000000000000000000000000000000000000011011
0000000000000000000000000000000000000000000000000000000000011011
0000000000000000000000000000000000000000000000000000000000011011
0000000000000000000000000000000000000000000000000000000000011011
0000000000000000000000000000000000000000000000000000000000011011
0000000000000000000000000000000000000000000000000000000000011011
0000000000000000000000000000000000000000000000000000000000011011
0000000000000000000000000000000000000000000000000000000000011011
0000000000000000000000000000000000000000000000000000000000011011
0000000000000000000000000000000000000000000000000000000000011011
0000000000000000000000000000000000000000000000000000000000011011
0000000000000000000000000000000000000000000000000000000000011011
0000000000000000000000000000000000000000000000000000000000011011
0000000000000000000000000000000000000000000000000000000000011011
0000000000000000000000000000000000000000000000000000000000011011
0000000000000000000000000000000000000000000000000000000000011011
0000000000000000000000000000000000000000000000000000000000011011
0000000000000000000000000000000000000000000000000000000000011011
0000000000000000000000000000000000000000000000000000000000011011
0000000000000000000000000000000000000000000000000000000000011011
0000000000000000000000000000000000000000000000000000000000011011
0000000000000000000000000000000000000000000000000000000000011011
0000000000000000000000000000000000000000000000000000000000011011
0000000000000000000000000000000000000000000000000000000000011011
0000000000000000000000000000000000000000000000000000000000011011
0000000000000000000000000000000000000000000000000000000000011011
0000000000000000000000000000000000000000000000000000000000011011
0000000000000000000000000000000000000000000000000000000000011011
0000000000000000000000000000000000000000000000000000000000011011
0000000000000000000000000000000000000000000000000000000000011011
0000000000000000000000000000000000000000000000000000000000011011
0000000000000000000000000000000000000000000000000000000000011011
0000000000000000000000000000000000000000000000000000000000011011
0000000000000000000000000000000000000000000000000000000000011011
0000000000000000000000000000000000000000000000000000000000011011
0000000000000000000000000000000000000000000000000000000000011011
0000000000000000000000000000000000000000000000000000000000011011
0000000000000000000000000000000000000000000000000000000000011011
0000000000000000000000000000000000000000000000000000000000011011
0000000000000000000000000000000000000000000000000000000000011011
0000000000000000000000000000000000000000000000000000000000011011
0000000000000000000000000000000000000000000000000000000000011011
0000000000000000000000000000000000000000000000000000000000011011
0000000000000000000000000000000000000000000000000000000000011011
0000000000000000000000000000000000000000000000000000000000011011
0000000000000000000000000000000000000000000000000000000000011011
0000000000000000000000000000000000000000000000000000000000011011
0000000000000000000000000000000000000000000000000000000000011011
0000000000000000000000000000000000000000000000000000000000011011
0000000000000000000000000000000000000000000000000000000000011011
0000000000000000000000000000000000000000000000000000000000011011
0000000000000000000000000000000000000000000000000000000000011011
0000000000000000000000000000000000000000000000000000000000011011
0000000000000000000000000000000000000000000000000000000000011011
0000000000000000000000000000000000000000000000000000000000011011
0000000000000000000000000000000000000000000000000000000000011011
0000000000000000000000000000000000000000000000000000000000011011
0000000000000000000000000000000000000000000000000000000000011011
0000000000000000000000000000000000000000000000000000000000011011
0000000000000000000000000000000000000000000000000000000000011011
0000000000000000000000000000000000000000000000000000000000011011
0000000000000000000000000000000000000000000000000000000000011011
0000000000000000000000000000000000000000000000000000000000011011
0000000000000000000000000000000000000000000000000000000000011011
0000000000000000000000000000000000000000000000000000000000011011
0000000000000000000000000000000000000000000000000000000000011011
0000000000000000000000000000000000000000000000000000000000011011
0000000000000000000000000000000000000000000000000000000000011011
0000000000000000000000000000000000000000000000000000000000011011
0000000000000000000000000000000000000000000000000000000000011011
0000000000000000000000000000000000000000000000000000000000011011
0000000000000000000000000000000000000000000000000000000000011011
0000000000000000000000000000000000000000000000000000000000011011
0000000000000000000000000000000000000000000000000000000000011011
0000000000000000000000000000000000000000000000000000000000011011
0000000000000000000000000000000000000000000000000000000000011011
0000000000000000000000000000000000000000000000000000000000011011
0000000000000000000000000000000000000000000000000000000000011011
0000000000000000000000000000000000000000000000000000000000011011
0000000000000000000000000000000000000000000000000000000000011011
0000000000000000000000000000000000000000000000000000000000011011
0000000000000000000000000000000000000000000000000000000000011011
0000000000000000000000000000000000000000000000000000000000011011
0000000000000000000000000000000000000000000000000000000000011011
0000000000000000000000000000000000000000000000000000000000011011
0000000000000000000000000000000000000000000000000000000000011011
0000000000000000000000000000000000000000000000000000000000011011
0000000000000000000000000000000000000000000000000000000000011011
0000000000000000000000000000000000000000000000000000000000011011
0000000000000000000000000000000000000000000000000000000000011011
0000000000000000000000000000000000000000000000000000000000011011
0000000000000000000000000000000000000000000000000000000000011011
0000000000000000000000000000000000000000000000000000000000011011
0000000000000000000000000000000000000000000000000000000000011011
0000000000000000000000000000000000000000000000000000000000011011
0000000000000000000000000000000000000000000000000000000000011011
0000000000000000000000000000000000000000000000000000000000011011
0000000000000000000000000000000000000000000000000000000000011011
0000000000000000000000000000000000000000000000000000000000011011
0000000000000000000000000000000000000000000000000000000000011011
0000000000000000000000000000000000000000000000000000000000011011
0000000000000000000000000000000000000000000000000000000000011011
0000000000000000000000000000000000000000000000000000000000011011
0000000000000000000000000000000000000000000000000000000000011011
0000000000000000000000000000000000000000000000000000000000011011
0000000000000000000000000000000000000000000000000000000000011011
0000000000000000000000000000000000000000000000000000000000011011
0000000000000000000000000000000000000000000000000000000000011011
0000000000000000000000000000000000000000000000000000000000011011
0000000000000000000000000000000000000000000000000000000000011011
0000000000000000000000000000000000000000000000000000000000011011
0000000000000000000000000000000000000000000000000000000000011011
0000000000000000000000000000000000000000000000000000000000011011
0000000000000000000000000000000000000000000000000000000000011011
0000000000000000000000000000000000000000000000000000000000011011
0000000000000000000000000000000000000000000000000000000000011011
0000000000000000000000000000000000000000000000000000000000011011
0000000000000000000000000000000000000000000000000000000000011011
0000000000000000000000000000000000000000000000000000000000011011
0000000000000000000000000000000000000000000000000000000000011011
0000000000000000000000000000000000000000000000000000000000011011
0000000000000000000000000000000000000000000000000000000000011011
0000000000000000000000000000000000000000000000000000000000011011
0000000000000000000000000000000000000000000000000000000000011011
0000000000000000000000000000000000000000000000000000000000011011
0000000000000000000000000000000000000000000000000000000000011011
0000000000000000000000000000000000000000000000000000000000011011
0000000000000000000000000000000000000000000000000000000000011011
0000000000000000000000000000000000000000000000000000000000011011
0000000000000000000000000000000000000000000000000000000000011011
0000000000000000000000000000000000000000000000000000000000011011
0000000000000000000000000000000000000000000000000000000000011011
0000000000000000000000000000000000000000000000000000000000011011
0000000000000000000000000000000000000000000000000000000000011011
0000000000000000000000000000000000000000000000000000000000011011
0000000000000000000000000000000000000000000000000000000000011011
0000000000000000000000000000000000000000000000000000000000011011
0000000000000000000000000000000000000000000000000000000000011011
0000000000000000000000000000000000000000000000000000000000001011
0000000000000000000000000000000000000000000000000000000000001011
0000000000000000000000000000000000000000000000000000000000001011
0000000000000000000000000000000000000000000000000000000000001011
0000000000000000000000000000000000000000000000000000000000001011
0000000000000000000000000000000000000000000000000000000000001011
0000000000000000000000000000000000000000000000000000000000001011
0000000000000000000000000000000000000000000000000000000000001011
0000000000000000000000000000000000000000000000000000000000011011
0000000000000000000000000000000000000000000000000000000000011011
0000000000000000000000000000000000000000000000000000000000011011
0000000000000000000000000000000000000000000000000000000000011011
0000000000000000000000000000000000000000000000000000000000011011
0000000000000000000000000000000000000000000000000000000000011011
0000000000000000000000000000000000000000000000000000000000011011
0000000000000000000000000000000000000000000000000000000000011011
