0000000000111111111111111111111111111111111111111111001000001011
0000000000111111111111111111111111111111111111111111001100000000
0000000000111111111111111111111111111111111111111111001000001011
0000000000111111111111111111111111111111111111111111001100000000
0000000000111111111111111111111111111111111111111111001000110010
0000000000111111111111111111111111111111111111111111001100000000
0000000000111111111111111111111111111111111111111111001001010101
0000000000111111111111111111111111111111111111111111001100000000
0000000000111111111111111111111111111111111111111111001001001001
0000000000111111111111111111111111111111111111111111001100000000
0000000000111111111111111111111111111111111111111111001001001011
0000000000111111111111111111111111111111111111111111001100000000
0000000000111111111111111111111111111111111111111111001001000001
0000000000111111111111111111111111111111111111111111001100000000
0000000000111111111111111111111111111111111111111111001001001110
0000000000111111111111111111111111111111111111111111001100000000
0000000000111111111111111111111111111111111111111111001001000111
0000000000111111111111111111111111111111111111111111001100000000
0000000000111111111111111111111111111111111111111111001000000000
0000000000111111111111111111111111111111111111111111001100000000
0000000000111111111111111111111111111111111111111111001000000000
0000000000111111111111111111111111111111111111111111001100000000
0000000000111111111111111111111111111111111111111111001000100111
0000000000111111111111111111111111111111111111111111001100000000
0000000000111111111111111111111111111111111111111111001001010101
0000000000111111111111111111111111111111111111111111001100000000
0000000000111111111111111111111111111111111111111111001001001111
0000000000111111111111111111111111111111111111111111001100000000
0000000000111111111111111111111111111111111111111111001000001011
0000000000111111111111111111111111111111111111111111001100000000
0000000000111111111111111111111111111111111111111111001000001011
0000000000111111111111111111111111111111111111111111001100000000
0000000000111111111111111111111111111111111111111111001000000000
0000000000111111111111111111111111111111111111111111001100000000
0000000000111111111111111111111111111111111111111111001000000000
0000000000111111111111111111111111111111111111111111001100000000
0000000000111111111111111111111111111111111111111111001000000000
0000000000111111111111111111111111111111111111111111001100000000
0000000000111111111111111111111111111111111111111111001000000000
0000000000111111111111111111111111111111111111111111001100000000
0000000000111111111111111111111111111111111111111111001000000000
0000000000111111111111111111111111111111111111111111001100000000
0000000000111111111111111111111111111111111111111111001000000000
0000000000111111111111111111111111111111111111111111001100000000
0000000000111111111111111111111111111111111111111111001000000000
0000000000111111111111111111111111111111111111111111001100000000
0000000000111111111111111111111111111111111111111111001000000000
0000000000111111111111111111111111111111111111111111001100000000
0000000000111111111111111111111111111111111111111111001000000000
0000000000111111111111111111111111111111111111111111001100000000
0000000000111111111111111111111111111111111111111111001000000000
0000000000111111111111111111111111111111111111111111001100000000
0000000000111111111111111111111111111111111111111111001000000000
0000000000111111111111111111111111111111111111111111001100000000
0000000000111111111111111111111111111111111111111111001000000000
0000000000111111111111111111111111111111111111111111001100000000
0000000000111111111111111111111111111111111111111111001000000000
0000000000111111111111111111111111111111111111111111001100000000
0000000000111111111111111111111111111111111111111111001000000000
0000000000111111111111111111111111111111111111111111001100000000
0000000000111111111111111111111111111111111111111111001000000000
0000000000111111111111111111111111111111111111111111001100000000
0000000000111111111111111111111111111111111111111111001000000000
0000000000111111111111111111111111111111111111111111001100000000
0000000000111111111111111111111111111111111111111111001000001010
0000000000111111111111111111111111111111111111111111001100000000
0000000000111111111111111111111111111111111111111111001000001010
0000000000111111111111111111111111111111111111111111001100000000
0000000000111111111111111111111111111111111111111111001000000000
0000000000111111111111111111111111111111111111111111001100000000
0000000000111111111111111111111111111111111111111111001000110111
0000000000111111111111111111111111111111111111111111001100000000
0000000000111111111111111111111111111111111111111111001001000101
0000000000111111111111111111111111111111111111111111001100000000
0000000000111111111111111111111111111111111111111111001001001100
0000000000111111111111111111111111111111111111111111001100000000
0000000000111111111111111111111111111111111111111111001001000011
0000000000111111111111111111111111111111111111111111001100000000
0000000000111111111111111111111111111111111111111111001001001111
0000000000111111111111111111111111111111111111111111001100000000
0000000000111111111111111111111111111111111111111111001001001101
0000000000111111111111111111111111111111111111111111001100000000
0000000000111111111111111111111111111111111111111111001001000101
0000000000111111111111111111111111111111111111111111001100000000
0000000000111111111111111111111111111111111111111111001000000000
0000000000111111111111111111111111111111111111111111001100000000
0000000000111111111111111111111111111111111111111111001000110100
0000000000111111111111111111111111111111111111111111001100000000
0000000000111111111111111111111111111111111111111111001001001111
0000000000111111111111111111111111111111111111111111001100000000
0000000000111111111111111111111111111111111111111111001000000000
0000000000111111111111111111111111111111111111111111001100000000
0000000000111111111111111111111111111111111111111111001000001010
0000000000111111111111111111111111111111111111111111001100000000
0000000000111111111111111111111111111111111111111111001000001010
0000000000111111111111111111111111111111111111111111001100000000
0000000000111111111111111111111111111111111111111111001000100110
0000000000111111111111111111111111111111111111111111001100000000
0000000000111111111111111111111111111111111111111111001001010101
0000000000111111111111111111111111111111111111111111001100000000
0000000000111111111111111111111111111111111111111111001001000100
0000000000111111111111111111111111111111111111111111001100000000
0000000000111111111111111111111111111111111111111111001001000001
0000000000111111111111111111111111111111111111111111001100000000
0000000000111111111111111111111111111111111111111111001001001110
0000000000111111111111111111111111111111111111111111001100000000
0000000000111111111111111111111111111111111111111111001000000000
0000000000111111111111111111111111111111111111111111001100000000
0000000000111111111111111111111111111111111111111111001000110101
0000000000111111111111111111111111111111111111111111001100000000
0000000000111111111111111111111111111111111111111111001001001110
0000000000111111111111111111111111111111111111111111001100000000
0000000000111111111111111111111111111111111111111111001001001001
0000000000111111111111111111111111111111111111111111001100000000
0000000000111111111111111111111111111111111111111111001001010110
0000000000111111111111111111111111111111111111111111001100000000
0000000000111111111111111111111111111111111111111111001001000101
0000000000111111111111111111111111111111111111111111001100000000
0000000000111111111111111111111111111111111111111111001001010010
0000000000111111111111111111111111111111111111111111001100000000
0000000000111111111111111111111111111111111111111111001001010011
0000000000111111111111111111111111111111111111111111001100000000
0000000000111111111111111111111111111111111111111111001001001001
0000000000111111111111111111111111111111111111111111001100000000
0000000000111111111111111111111111111111111111111111001001010100
0000000000111111111111111111111111111111111111111111001100000000
0000000000111111111111111111111111111111111111111111001001011001
0000000000111111111111111111111111111111111111111111001100000000
0000000000111111111111111111111111111111111111111111001000001011
0000000000111111111111111111111111111111111111111111001100000000
0000000000111111111111111111111111111111111111111111001000001011
0000000000111111111111111111111111111111111111111111001100000000
0000000000111111111111111111111111111111111111111111001000110010
0000000000111111111111111111111111111111111111111111001100000000
0000000000111111111111111111111111111111111111111111001001010101
0000000000111111111111111111111111111111111111111111001100000000
0000000000111111111111111111111111111111111111111111001001001001
0000000000111111111111111111111111111111111111111111001100000000
0000000000111111111111111111111111111111111111111111101000000000
0000000000111111111111111111111111111111111111111111101000000000
0000000000111111111111111111111111111111111111111111101000000000
0000000000111111111111111111111111111111111111111111101000000000
0000000000111111111111111111111111111111111111111111101000000000
0000000000111111111111111111111111111111111111111111101000000000
0000000000111111111111111111111111111111111111111111101000000000
0000000000111111111111111111111111111111111111111111101000000000
0000000000111111111111111111111111111111111111111111101000000000
0000000000111111111111111111111111111111111111111111101000000000
0000000000111111111111111111111111111111111111111111101000000000
0000000000111111111111111111111111111111111111111111101000000000
0000000000111111111111111111111111111111111111111111101000000000
0000000000111111111111111111111111111111111111111111101000000000
0000000000111111111111111111111111111111111111111111101000000000
0000000000111111111111111111111111111111111111111111101000000000
0000000000111111111111111111111111111111111111111111101000000000
0000000000111111111111111111111111111111111111111111101000000000
0000000000111111111111111111111111111111111111111111101000000000
0000000000111111111111111111111111111111111111111111101000000000
0000000000111111111111111111111111111111111111111111101000000000
0000000000111111111111111111111111111111111111111111101000000000
0000000000111111111111111111111111111111111111111111101000000000
0000000000111111111111111111111111111111111111111111101000000000
0000000000111111111111111111111111111111111111111111101000000000
0000000000111111111111111111111111111111111111111111101000000000
0000000000111111111111111111111111111111111111111111101000000000
0000000000111111111111111111111111111111111111111111101000000000
0000000000111111111111111111111111111111111111111111101000000000
0000000000111111111111111111111111111111111111111111101000000000
0000000000111111111111111111111111111111111111111111101000000000
0000000000111111111111111111111111111111111111111111101000000000
0000000000111111111111111111111111111111111111111111101000000000
0000000000111111111111111111111111111111111111111111101000000000
0000000000111111111111111111111111111111111111111111101000000000
0000000000111111111111111111111111111111111111111111101000000000
0000000000111111111111111111111111111111111111111111101000000000
0000000000111111111111111111111111111111111111111111101000000000
0000000000111111111111111111111111111111111111111111101000000000
0000000000111111111111111111111111111111111111111111101000000000
0000000000111111111111111111111111111111111111111111101000000000
0000000000111111111111111111111111111111111111111111101000000000
0000000000111111111111111111111111111111111111111111101000000000
0000000000111111111111111111111111111111111111111111101000000000
0000000000111111111111111111111111111111111111111111101000000000
0000000000111111111111111111111111111111111111111111101000000000
0000000000111111111111111111111111111111111111111111101000000000
0000000000111111111111111111111111111111111111111111101000000000
0000000000111111111111111111111111111111111111111111101000000000
0000000000111111111111111111111111111111111111111111101000000000
0000000000111111111111111111111111111111111111111111101000000000
0000000000111111111111111111111111111111111111111111101000000000
0000000000111111111111111111111111111111111111111111101000000000
0000000000111111111111111111111111111111111111111111101000000000
